56
82
54
95
94
91
75
16
45
26
95
12
50
96
117
81
83
78
152
87
172
197
81
93
141
184
229
147
86
148
70
130
123
94
171
247
129
195
208
167
159
225
162
66
212
234
219
113
151
246
145
141
239
166
338
142
338
75
338
109
281
179
323
300
101
329
264
212
432
242
248
387
243
395
353
151
420
320
177
243
260
468
348
428
158
264
206
160
511
430
195
98
545
198
284
140
452
299
314
425
324
356
424
405
508
139
205
420
170
153
555
584
301
359
516
392
411
668
544
395
194
453
263
562
407
383
565
577
655
473
711
529
625
323
286
222
754
170
146
638
465
453
476
175
608
820
802
388
155
648
695
238
640
203
337
830
636
509
553
515
693
684
233
225
869
710
410
537
903
207
244
916
205
237
258
935
789
190
774
365
242
394
430
995
613
830
249
587
273
232
600
596
395
979
467
1054
845
479
482
423
698
210
649
229
1044
218
1038
213
507
461
1133
717
888
427
737
454
674
962
743
313
958
678
482
265
290
1132
1196
988
752
298
997
317
998
288
1176
485
1242
566
545
494
532
1216
1254
321
341
1067
538
322
289
597
275
276
314
1358
332
1086
1326
1351
321
819
1354
837
564
530
1076
304
806
283
1117
1146
878
625
836
1452
646
364
872
1179
307
599
1471
1213
604
1446
625
643
1217
1162
603
1247
632
381
636
1216
1185
303
332
664
338
366
1220
1265
1262
357
401
1012
1277
1297
655
390
317
700
656
940
993
1336
983
1679
1371
375
1639
671
383
648
370
1718
1050
1389
1698
995
1366
1052
1077
1367
361
693
1381
1697
1415
1714
1110
1460
432
1467
1809
1399
1411
767
1409
1444
430
1768
761
1135
427
1777
1493
365
783
1851
798
786
745
1843
441
370
401
1502
1146
423
1514
1571
1173
420
791
1924
433
1586
1975
844
1594
1981
2000
1967
1163
852
1175
453
1559
428
1640
406
427
490
1582
2039
1191
833
1670
481
463
1301
1228
884
856
1631
2105
453
1731
1700
1734
1673
1265
1310
883
1340
1740
1713
1746
2116
1771
1354
1315
1358
2139
871
1798
1713
1716
1341
1297
2168
1733
499
900
1781
1330
1765
1365
2239
474
895
2283
2279
1827
1853
2277
906
2322
1358
2326
493
2267
474
513
517
1437
1919
1862
2333
2377
939
942
1409
2339
961
486
544
1960
514
1490
1462
1912
1429
2459
2381
1491
1983
1047
1936
1446
1522
1931
1987
2507
1971
1020
552
565
1978
496
1968
1054
2016
2533
1038
2488
512
589
1036
2505
2529
2536
1027
1092
2613
2591
525
544
1546
2612
1624
1609
2661
2654
553
1049
2659
2076
2157
2161
593
1109
2704
601
1576
1094
618
1609
2206
1064
2147
1676
2698
1701
2740
1153
1111
594
1090
1169
1176
627
2760
1151
1697
1640
2749
1125
2252
2811
2246
2834
605
555
2254
2826
2234
2235
2332
1750
1204
2308
1210
1767
1132
1761
1739
597
1795
1803
1195
669
2909
2329
2350
1732
1178
2976
2956
1748
1774
1754
2946
2429
1777
1228
2960
1248
2968
635
3012
691
655
1205
618
1884
605
1224
1846
1892
2433
1846
3070
3099
3084
3062
3062
3112
686
1848
616
1922
615
1310
2538
2494
2560
3115
1860
624
1313
1884
1265
2510
678
1332
717
631
710
1317
1316
2615
3259
650
1985
3188
3267
1331
2601
1374
3278
1953
663
2625
1313
2007
3302
3264
1971
3298
1356
1990
1323
1330
3349
3345
2655
2639
2722
1325
1986
3372
2049
2069
2729
2750
709
2675
2012
2037
696
3411
2700
1443
3409
1381
776
685
1388
2785
708
704
2067
2747
2131
1378
1443
3497
3454
2859
2826
2135
790
1393
1416
2167
1484
1469
1404
2836
1469
3533
3550
3586
1438
1465
1436
719
2920
2922
760
2941
1486
2943
3658
2895
2883
2223
1537
761
790
1461
1465
3696
773
822
783
3697
3686
2231
3006
3689
795
799
2300
2964
2245
3033
750
1508
1564
3741
799
2331
2272
2277
2328
1535
3796
2311
3013
773
785
2325
1518
3039
1596
2373
1529
2307
819
3059
3852
3872
1560
2329
2377
3879
2379
3090
846
3924
1594
816
809
3903
1570
1575
1579
814
831
3991
2440
832
2425
1665
1604
4022
3235
816
1677
4012
3198
4019
877
824
1658
2437
896
801
4046
3227
845
3269
4108
1662
4050
4094
1625
1640
831
4119
3282
3334
4167
4106
824
4105
4131
4138
1710
4148
2536
1696
2555
3378
2563
2512
1664
4226
1690
1697
921
1708
922
3422
882
3395
3436
872
4276
928
917
857
900
2591
1702
1703
2561
1782
2580
4351
882
3463
1745
2649
2578
4345
910
4372
2628
4365
1814
3469
2607
1787
3505
4414
2643
2669
1805
2664
4384
885
897
1793
3552
932
4475
1852
1777
3530
4469
1770
1858
2674
940
4505
1819
4460
1833
1817
3597
1841
4523
1859
2749
2786
965
925
912
3690
2754
3658
3630
4567
4587
4580
3699
1901
4562
3684
1908
3684
2763
991
2779
972
1870
1906
3751
3694
1941
1879
962
1948
1880
3787
2814
3754
3727
3791
1005
1920
4734
2812
3803
1933
3759
995
3792
3851
3802
2873
984
1013
1016
3866
4820
2877
978
3905
2881
4831
1958
4817
4807
3889
1052
2944
1026
3858
3872
2001
4900
4885
4922
3944
3892
3896
2974
3971
4872
2008
2970
3962
2012
2031
989
4905
1973
2989
2011
1994
4029
4975
2984
5014
2050
4022
5023
1995
3050
2984
3031
5069
4013
1025
3058
1039
1100
4013
1071
5090
4034
4085
4125
1098
5108
5107
1100
3063
1075
5137
5120
5146
4074
5164
5178
2052
2071
5194
2068
5163
2142
4143
2110
4206
4189
2115
5218
2107
4201
3169
2081
1050
3129
4237
2159
4251
1067
3196
4183
2136
5235
3148
3174
4274
4252
1069
5298
4280
5349
5318
3238
4263
4256
2120
5371
3203
1088
4324
2152
3267
3230
4360
3228
5399
4311
5433
5397
1135
5434
3241
3249
5409
5467
3266
2224
5490
2238
3341
5479
1111
2249
2201
2265
5465
2201
5475
5536
1150
2224
1172
5506
1171
4444
3331
1106
4403
2233
1155
2280
3370
5591
4482
1137
1185
5603
2268
1163
1167
2277
4528
4521
1211
4474
2286
1216
3438
4561
4572
2345
5654
1136
5727
3393
1161
2301
4600
3480
3486
2289
1178
2292
5758
5725
3508
1218
2332
2349
2302
5762
5811
3451
3506
5833
5791
1155
3536
3513
3485
4651
5782
5781
3503
2315
2337
4685
1249
2379
3556
3547
4676
2407
5886
5915
5917
1232
3594
5928
4750
2433
5923
2410
4768
5941
2407
2445
1195
4793
3608
6014
3603
3560
6019
3587
1281
5955
1275
2458
1225
1201
2389
2447
4820
3603
6030
2491
3656
6063
2436
2469
4882
4870
3636
3668
6128
1217
1249
2515
6117
3679
6122
1301
3723
6108
1265
1255
2534
1315
4965
4967
4901
1280
4918
2527
2491
3778
6242
6212
6229
2565
3796
4989
1308
1270
3736
1255
3750
6260
2485
1272
3733
4988
6310
2532
3821
6336
3814
2563
5079
6322
1289
6353
5118
6296
1261
6339
2584
1294
5113
6331
5074
3803
2607
5151
5113
3871
1299
1294
5092
6399
6423
1332
3843
2570
2578
1306
3925
2620
6483
1362
5144
1337
3902
1354
6482
1323
6461
6514
5187
5177
2644
5243
6535
5245
6523
1365
2679
6530
6559
3985
1377
3944
3983
1399
1330
5290
2621
6625
2701
1334
2683
1330
3986
4035
1359
1393
2678
1357
3998
2701
5342
2671
6646
2699
2738
6715
4060
2710
1379
2708
1379
2703
1391
6762
5407
5453
4112
5429
5458
4069
2767
1373
1385
2738
1394
4055
5414
5486
4078
6841
2716
1378
4110
4121
6833
2774
6854
5464
5493
6846
4145
5556
1395
1368
2750
1431
1460
5570
2794
4160
5513
2804
2822
4207
4140
4229
4204
2788
5627
4172
1468
4221
1419
1486
6992
6953
4256
5605
4247
5601
7032
4250
7035
1414
2859
7030
4265
1422
4296
7038
5679
2833
2866
5710
1485
7059
1496
5682
4313
1506
2912
7153
2897
5732
5722
2911
4334
2902
7157
7209
4359
4345
7207
4333
1491
4368
2918
4338
7232
2903
5759
5760
2927
1439
2901
2924
7278
4363
5830
2891
1464
1459
4344
5869
4398
1531
1502
7338
7313
4385
4435
1516
1461
1524
3012
7338
4415
7326
1539
1549
1516
7373
2938
1507
1563
7364
7357
5898
7459
1474
3011
5969
4502
5949
3007
5930
4530
3043
4528
4467
4537
6009
1551
4496
6027
7536
4544
6002
3064
1506
3020
3058
7549
4528
7497
6094
6007
3069
7531
3012
3028
4609
4587
3071
4599
1588
7605
3030
4602
4609
4576
3046
1535
3043
6143
6138
7602
6150
7628
1610
7677
3137
1609
1573
4622
7685
3105
3120
3124
6220
4646
7766
1602
7754
3089
1584
7706
4707
6176
3132
7740
6190
3142
1612
1596
4656
7842
4689
7798
1618
6297
3204
3187
3137
3161
4704
4705
7849
1649
3158
3204
7898
6363
4791
6289
7868
4783
6342
7861
7923
4765
3210
4770
1588
6336
1584
3180
1669
3240
4752
3252
7936
6415
1596
8032
3227
6437
1661
4819
3267
1648
6463
8008
4854
3258
8067
8098
6407
4888
3279
4854
1661
4868
8068
3289
3251
4929
8077
3254
8078
8093
8130
3326
4926
1661
6507
6498
1665
1714
8196
1682
8165
8141
3281
6546
8196
6576
6581
3352
8173
8190
4921
6610
6629
8254
8291
8203
1727
8278
6628
4958
6677
3374
8275
5015
8327
8253
1665
1663
8303
6669
1673
6710
5026
3393
3343
6708
1737
3379
3341
6671
8409
6680
3396
1723
3426
8423
6717
1742
8398
6770
3446
6707
5043
3410
8445
1747
3366
1689
6787
1763
5065
1756
3460
8531
1700
6782
1781
8510
3419
6861
3455
5143
3426
5146
1737
1742
1783
3419
1777
6882
8606
8541
8615
3424
1779
6926
8587
8644
1777
1772
1724
3514
1805
3443
3483
3528
1763
3505
6981
8671
5236
5198
1803
6949
1826
3519
3482
5209
3482
5275
5208
5239
3566
3497
3574
1776
3523
1820
5308
8795
3524
5253
7063
7020
3550
8823
1753
3548
5295
3573
3543
5361
8837
8873
3588
7078
3601
5303
5322
3627
1857
7152
1818
5359
3615
1868
3625
5351
1812
3629
7137
7147
8924
7194
3562
5416
5375
1815
8928
5423
3597
7195
5446
7201
5416
7210
5389
1877
7196
7233
5438
3679
9053
7238
8996
9077
3697
1886
1833
3609
3642
3706
9134
5464
5476
5446
5530
7284
3632
7352
1899
3668
9184
9177
9155
3677
5505
1867
1856
7353
1856
9190
9142
7321
5534
9232
9239
1920
1891
1908
7413
9259
5547
7417
5530
1908
9294
3704
9221
1909
1847
5566
9311
5597
5638
9341
1872
1882
9338
1897
7510
3792
7475
5629
9365
5628
7525
5671
7537
7484
3754
1877
7473
9407
1887
1964
3811
5696
5651
9422
7531
3825
5632
5671
1972
5727
7609
1915
3846
1933
1920
7610
5670
3808
3849
7585
1960
5715
5756
3879
9509
3878
1903
3882
3857
3811
5797
3836
1919
5791
3908
5736
1930
9559
7667
5816
5826
7703
1931
7685
5748
9645
7736
7763
5814
5801
9655
2021
7771
5837
2012
7791
1940
7716
5848
3904
5821
1938
9697
2009
9722
1953
5874
9761
2021
1950
7836
3971
2027
9740
9800
7831
1949
7793
5911
5892
9811
5939
3987
9829
9802
9841
5887
7842
2014
9870
5886
4002
3974
4026
9872
4008
1974
2064
5956
7899
7946
1978
5971
9874
9899
4049
6021
1985
2019
9926
9970
6038
4040
2072
5970
4007
2075
5974
5985
6017
6015
6002
4075
2025
3998
2081
5997
8025
8085
6070
2030
4021
2064
10036
10076
2052
8046
8085
2061
8115
10087
8109
6100
6109
4063
6081
4080
8079
10183
4086
10201
2056
8099
6132
10158
6173
10182
8126
6113
10244
4102
2073
10190
6173
4102
10278
2134
10265
4101
6122
4174
2113
8212
10300
4186
8225
4095
2091
10270
4106
2055
10312
2059
8275
8251
4125
4206
10305
8288
2138
8317
10371
10369
2125
8270
8300
8342
6266
10417
2076
6262
6224
8389
2137
6303
2079
4215
8350
8412
8418
10452
6259
6310
10482
4221
6317
10482
2163
6345
8443
10519
4211
2158
2176
10551
10514
10492
4214
8435
6366
6305
6402
8463
10605
6320
2175
10546
6325
8532
10583
6425
10585
6401
10628
2150
8525
8553
6375
10632
6446
6414
4287
4315
8550
6442
6434
6382
10650
8605
2202
2160
6415
6465
10732
2172
4275
4371
2194
8605
6514
8658
2191
8579
6434
4357
4316
8641
10822
6460
10830
8638
4341
8634
4395
10783
2164
8724
6508
4389
8733
10884
8654
4419
6570
6590
8727
2231
4408
8687
6553
4401
4400
2269
6584
2184
8759
8719
4394
10984
8730
4450
10936
6568
2250
8791
8803
8815
8834
8776
6584
11039
6612
2243
6654
2229
8839
11053
2210
6637
6659
11037
4502
8864
8823
4504
8919
11054
8895
2298
2293
8915
8924
8867
6735
2239
11145
11132
6707
8961
6686
2275
8933
4530
8937
4474
2304
11136
8920
2242
4530
2252
4543
4560
11211
6798
6726
4505
6739
2246
11253
9016
2332
2317
6797
6782
11300
4526
6817
2321
9011
9056
11295
4570
2282
2320
11340
11359
4596
6873
2303
9053
2311
9067
4625
2349
2303
6896
6814
4633
9153
11447
2275
6915
9135
6850
4565
9197
4648
9192
9201
9160
4589
11421
6906
6924
4584
2359
4672
6892
4662
2361
9191
2378
9188
4668
11510
9225
11496
2321
9255
4633
6923
11559
6951
4680
2365
4711
11541
7022
9288
9281
11588
2412
11610
11609
11660
11619
4730
4639
4643
11651
11652
9316
4701
11648
4722
11655
11679
4696
4676
7078
9402
7028
2412
7088
9384
2407
7048
9376
7083
2411
2416
4733
7036
2417
9433
11810
9452
7122
7078
2444
9489
11828
7126
9429
7161
7119
7159
4813
9482
4745
9533
11867
7131
11856
2398
7180
2402
9523
7201
11922
9572
11931
11926
9589
9553
4769
9607
9535
7230
11965
11920
7196
4852
11973
11934
7187
2441
7208
9629
4795
9571
12040
4869
7217
12050
9616
9596
2451
9696
2496
2416
9678
9713
2494
12063
12131
12094
12082
9711
7236
2428
12070
4917
4836
2431
12108
7320
12120
9771
2453
2506
12144
7308
7308
2449
7372
12180
2491
9787
2501
12217
2498
12202
2526
7395
12276
9841
7366
2498
9765
9788
2458
9810
9856
4959
2510
12265
2511
12259
7362
4920
2550
4950
12326
12289
2537
7451
2501
2528
2487
9895
9906
7484
12379
2491
7471
5022
7486
2534
2551
12412
2488
7458
7519
2566
12476
7525
9982
9937
10011
7482
9959
5054
10009
4977
7498
2522
7519
7534
7521
9996
10031
12487
10054
2527
5003
12516
2577
7580
5007
5047
2575
7588
12565
5072
7552
12622
7543
2573
12563
10092
2584
2519
5110
7559
12611
12674
2612
12678
7597
10138
12638
12659
2579
12632
7630
5104
12674
10133
7634
7597
2606
5131
10198
12699
5161
12777
5138
12756
2608
7657
7662
2554
2583
5111
10209
10241
7741
2592
2628
7711
12826
10271
10250
5184
7724
5192
7725
12873
5182
2580
10286
12853
12864
7710
12853
10294
5155
5201
10357
5151
12877
10389
5187
7792
2636
7769
7785
10329
7800
10418
13011
10367
7775
12975
10431
2639
2636
7834
7865
5267
10374
12992
5274
5202
2602
10418
13080
2674
13044
2675
10419
13100
10485
2607
13099
5227
2667
2668
7848
13109
2654
10548
13084
13100
13130
10512
5283
10526
7940
2663
13167
7878
7877
10558
7948
13156
7913
5352
13198
7912
5279
10604
2686
5347
5369
10604
5288
10564
7931
2687
2665
5366
2670
10641
7961
10679
5319
2658
13285
8033
7996
7992
13320
13298
8028
10728
10646
5404
13311
5371
13337
13358
8045
10702
5376
2704
5357
5437
2689
8059
2704
13372
13394
10760
10747
13439
13482
8088
2765
5429
8050
10753
10805
5379
8103
8112
10772
5459
2777
2790
2791
13548
5396
13559
5405
8120
10867
10860
13507
8142
2786
13603
10821
13611
5421
8215
8189
13628
13575
5492
8159
10938
2786
13665
10924
13684
13657
5513
10960
13694
5471
10989
13634
2749
13660
8215
13651
8216
8267
2824
13725
2751
2786
5498
10987
11044
2777
11003
10987
13719
8301
13781
13788
2822
8247
2804
13794
13818
13831
11030
11098
11056
2854
5565
11118
2824
2822
5552
8377
13890
11094
8322
5591
13870
13851
13863
2789
2859
13868
13879
5548
5599
5604
8421
8332
2793
5574
13948
2819
11180
11135
13989
11183
13959
8398
11162
11204
2837
14007
5657
2880
8465
5601
14000
8413
8447
5620
8478
5667
5681
2885
11293
8441
8484
8442
2886
8492
8448
2877
8470
14127
2835
2828
11310
8546
2898
8470
5688
2855
2873
8543
14214
8520
11381
2897
5713
11325
14208
14220
5708
2881
5681
8552
2865
11423
14258
14276
11443
5726
14261
14284
8566
14240
2944
8566
11419
14285
5776
5756
8559
2907
5724
14337
5797
2935
11487
5777
14388
11481
11451
8677
11479
2956
2868
8659
11503
8686
14368
5833
8637
8690
14405
2965
11524
11545
8693
5767
14441
2907
2928
8684
11591
2947
14458
11644
14526
11603
2951
8739
2902
8754
11662
14563
2963
2966
14588
11613
2993
11622
14537
11670
5866
14558
8754
8763
2922
14565
11669
2996
5889
11702
11727
5913
8789
5896
11697
8768
11767
8824
8853
14643
5916
14664
8837
14644
3006
11719
11730
14728
3006
2951
2991
2976
5881
3002
3011
14782
11846
2947
5964
8852
2972
14786
5974
14809
8888
14754
5992
11891
8885
5988
14847
5945
3016
8965
2979
5962
14811
8948
11938
8919
8974
11920
2988
3011
5974
3021
8924
14895
14918
3058
14909
14917
11910
8987
8994
14929
14997
14909
9014
9007
2985
11960
3011
14960
8995
6038
3010
14995
3058
6065
12023
3031
15056
15058
3079
12023
12061
12034
9083
6070
15022
3007
12102
15048
15066
9110
6055
9071
6108
15069
12095
15080
6074
15119
6107
6124
12156
9162
6100
6136
12192
12119
15165
3121
6121
3065
9138
15251
3076
12215
9134
12212
9146
3082
9138
15249
3107
9164
3129
15228
3084
15237
9181
3107
12236
15280
6112
15312
9201
9192
6187
6150
9174
9177
9234
6173
15309
12322
12332
12261
15419
12308
9292
12297
9241
12334
9259
12320
9272
3148
6196
12334
15428
9313
12377
6165
3126
15489
6252
6193
6199
6194
6260
15518
15485
15459
3167
6201
15474
9357
6190
9357
3191
15494
15524
9343
9322
3133
9384
9387
3175
9401
3204
15563
15581
6238
15593
9409
12486
9430
12551
9378
15662
15674
6268
9423
3137
6306
9458
9406
15661
12565
6314
15678
9429
12519
12588
3219
12591
6274
15757
3185
3175
3158
3206
3209
3144
3218
12631
15765
12637
9452
15804
12652
12685
3247
15762
6385
9531
15797
3216
12630
9565
15805
6393
3188
6333
6335
6389
12720
15901
15902
3265
12740
12710
9583
6379
12771
6413
15924
12760
12763
3181
3247
9554
9597
12732
9608
3256
12810
15941
9593
6463
9650
6420
9635
12770
9660
9592
16040
9626
16026
16029
6476
12880
16009
16094
3203
3242
12867
9635
3226
6443
3301
16048
3223
16124
3219
16094
6483
6450
9691
6441
12924
3253
3295
9747
3313
12959
9695
3242
16201
3298
9730
6542
6474
3310
9787
6551
3326
12990
13038
16276
9775
12954
16273
13022
3297
9757
9775
6494
6580
12986
13020
6534
6507
9751
9774
6591
3273
13039
9767
6546
13078
13100
16320
6586
9800
3310
13136
9836
3266
13074
13162
3343
16390
16413
13180
3279
6604
13129
6614
6575
6586
9848
16426
3344
16474
13170
16440
13189
3315
9935
3307
16469
9950
16549
3384
9884
3371
16488
3298
3336
13208
6684
9966
9991
3368
16561
9990
6639
9946
6685
16634
13264
3407
3319
16641
6712
6686
13322
6669
6674
10003
16686
9998
3339
13295
13373
9987
3408
10017
3388
6674
16646
16646
13341
3429
13359
13415
6722
6684
13420
6708
3433
16736
16730
13421
10109
10122
3408
16780
6720
16799
3412
16810
10141
3420
13476
6723
6800
3367
10084
13526
16797
13490
6737
10123
6812
3371
16846
13461
13472
6762
6769
3446
16942
13511
13551
13516
3464
6848
10220
10206
3411
13568
10218
10240
13554
6830
17011
16963
13585
10199
13625
10257
10195
17032
6786
13657
10202
6863
13645
6863
10293
13601
17040
13626
3411
13658
10239
10279
6839
6908
3436
17140
13677
17058
6916
3443
17080
10277
17134
10309
10350
10267
13759
6852
13730
10277
6885
3460
6950
13730
13781
17241
13786
10370
3519
6944
6903
6907
3503
6970
3481
6904
17271
13801
10372
3510
3510
17315
10345
17264
10415
17260
13879
10444
3457
3550
10394
17290
3507
17322
6969
3487
6955
13880
13943
3490
17336
13867
13880
3555
13954
10493
17388
13973
17435
10492
3490
3521
3484
13966
17417
7022
13928
17497
10503
14028
17490
7014
3505
10481
6997
17533
17514
7001
17552
14061
7011
7076
17495
3514
17535
7036
10517
10555
17571
14040
17563
3532
7064
10612
10600
14099
3543
17649
17639
3539
17618
7118
3564
10644
3596
3609
10634
3558
3585
3592
17644
10589
14140
14147
3552
14185
3594
14198
10664
14189
7080
17712
17707
17756
7086
10622
3619
10705
3580
17741
10682
14181
7112
7173
7155
7133
17784
17804
10745
3635
10693
7116
3620
3569
3630
17810
17835
7197
3629
10726
14337
7151
10738
14329
14302
17874
17945
3606
17938
14339
14298
17892
7187
3629
17980
7193
7233
10755
7223
17977
18013
7241
7270
17941
14449
17983
14378
10869
10862
3686
18067
7203
7245
14397
14437
14490
7204
10875
14472
10893
10891
14456
14462
10894
10825
7284
18079
3677
3627
10855
10922
18128
7295
3618
14517
10949
3677
3716
10876
10887
10941
3661
10926
10923
10915
14554
3706
14607
10947
18191
3655
18179
7315
18261
7284
10971
18260
18282
3694
3682
14628
18311
3717
3735
10971
3669
3652
7346
18287
14652
14651
18335
14646
7377
18352
14648
7329
18379
14681
7347
11017
3725
14687
3760
14749
18395
18373
18420
3751
18436
7378
11090
11036
11048
14768
14805
18461
11069
18460
11134
14776
7444
7403
18490
18477
18528
14793
18515
14803
7421
7452
14833
18508
3796
3773
7404
14841
3785
14854
14877
3778
18608
7491
14838
14885
14885
14849
7448
11230
18631
7448
14953
14945
18638
11238
18680
14932
14943
3726
3800
18626
18710
18699
3800
14924
11204
3763
11234
11239
3792
11290
11264
7481
3836
11283
11301
18710
7555
11280
3760
11237
11275
15076
18828
11327
11327
11281
15087
3810
3852
18836
11266
18845
3801
15130
15064
18879
3795
15051
18864
11334
7533
3778
11308
7633
18900
18867
11366
7592
15124
15163
7582
3795
18979
11431
15177
18932
3792
7623
11380
19016
15205
7638
11380
3801
11443
19001
18965
7668
11403
3833
15213
15231
7688
11423
7611
7606
7636
15298
11439
11502
15238
19101
15319
11439
15263
15257
11456
15306
3860
3820
11506
19135
3884
3912
15346
3911
7741
19185
3887
15324
7661
7700
15350
15329
7722
11492
3868
11546
19238
7678
3913
7679
19255
11555
7744
15379
19291
19290
7741
19268
7734
3903
3902
11619
15460
3945
11597
11557
15491
15488
7797
7774
7780
7802
3937
3919
3951
19351
11673
15549
19382
15505
3879
15491
15557
19352
7815
3882
7815
7816
15582
15539
11638
7805
19441
3926
7830
7826
3960
3968
7803
19520
19457
15643
3903
7838
19546
15603
19468
19479
15594
7844
11712
19494
7890
11798
19598
3929
11793
11727
19549
7825
15710
15634
11815
19621
15659
19569
7865
19607
11805
3957
7861
11784
19659
3987
7868
7864
11853
11823
15778
3944
11812
15802
3980
15784
3967
7931
4031
19712
3954
11820
15797
19783
4019
7962
19797
19768
19810
3996
19812
11852
15818
7911
7976
19788
4009
4043
19791
11939
11871
19847
7963
7946
11971
11905
4043
15891
11893
11987
4003
3986
4013
19868
11998
19892
19906
19921
11993
15994
8019
3994
12003
7992
8032
7963
11996
7981
8064
19938
4070
16029
12020
16044
16048
12026
19966
11995
12078
7995
4006
7997
19987
8082
12082
4040
8052
8041
16035
8079
4042
4033
16095
8110
16042
20146
16078
20111
8093
20085
4045
4064
20114
4069
4112
12145
4060
16148
12107
16183
20163
16178
12101
4094
20179
4045
4039
4108
4104
16147
8140
16241
4072
12147
12191
16182
16211
12164
16268
8144
20313
4077
12189
4084
16224
16229
16214
8157
8171
12214
8192
8209
12255
4072
16281
8122
4085
12217
8159
4079
12249
20374
16288
8209
20417
20402
8163
16379
20372
4128
4174
8216
20418
20405
20491
8242
12250
16353
4143
12309
8173
4180
4089
4150
12340
16403
4140
4174
8201
16384
16409
4179
20531
16459
20542
8282
12307
12376
20603
16458
16466
12406
4140
12396
8286
16505
12403
20601
20602
4208
16505
4121
4146
4217
12359
8286
8331
16518
12414
4153
4222
12448
16525
16570
16561
4190
4208
12454
8299
4161
20687
20745
16621
12447
12451
12446
20715
20743
16587
12446
12476
4190
8310
16646
16670
16629
20797
20826
4222
4247
12563
8326
12485
20882
4224
16707
8420
16702
20903
20904
8344
8339
20906
12602
12558
12542
8433
20882
20889
12539
12549
12581
16801
8384
4252
20916
4198
8457
20944
21007
8467
12559
4207
8433
12622
8479
4286
8471
12584
16806
12590
8487
4247
21038
16894
21035
16892
21088
8450
4210
16848
21096
12663
8478
21061
8473
4278
16895
12725
8485
16879
12671
8444
12725
21170
8470
21168
4288
8522
16944
4237
8470
4230
21214
12784
8497
17002
12708
16979
4249
17020
4309
8562
8556
17021
8573
21286
21284
16973
17033
8551
4277
17008
12783
4339
21321
12830
21315
12789
17032
8538
4282
21302
17131
8526
17095
4319
8535
17092
4285
4300
12832
12840
4340
17098
21359
12850
21409
4287
8646
17123
8558
4348
21466
4367
4331
8638
12868
12938
4287
21521
21453
17167
12912
4357
17165
4388
8607
4380
12938
8657
12890
17203
17272
8606
21598
17298
21561
4356
12994
17303
8691
4343
21541
13022
12937
17277
4336
21617
13030
21599
17358
13006
21603
17346
8731
13027
8658
8742
8658
13063
8663
4419
17357
13082
4377
8687
4430
4357
21726
4392
13102
13027
8701
4429
13021
17426
17449
13039
21791
13088
8782
4393
13046
4396
17458
4402
8789
4404
17474
17501
21879
17445
17492
21893
8808
17482
21886
8806
4432
17535
17488
4412
8775
8821
4458
4457
8759
17544
8763
8776
4436
8818
4473
4448
4425
4444
4467
8847
8775
17568
8791
4464
17580
22019
4432
8798
4417
8838
4456
17591
22034
13257
4402
4459
13218
22013
4479
13286
22022
8902
13285
4447
4412
13249
17662
8877
22156
8871
4482
22106
17746
13294
17697
13318
13336
13281
22153
17719
17789
8948
13325
22142
13335
13350
17814
17822
4516
13361
22217
22236
22250
13374
22241
17813
17828
13334
17807
17792
8965
8976
22260
8914
4537
22338
17858
13412
4531
13408
8909
22340
8995
17916
22315
4464
4468
4544
4509
17857
22361
4534
22333
4557
4547
13501
13439
22392
9013
13485
4537
17924
13486
17935
9003
4496
13497
13470
9013
4529
13474
8994
8974
17961
13500
18037
13508
9076
22479
13570
13541
22547
4535
8998
22589
13563
9037
4564
4514
18096
9078
22599
4569
13604
22601
22603
18082
18086
9086
13581
4593
22623
22616
22630
4600
18077
22640
9129
4601
9060
18128
13582
9132
4574
4610
22731
9104
22695
4536
9067
18198
4593
9159
22753
4595
4599
18217
22727
13716
22779
9120
13720
18261
4589
4555
18263
22780
4563
9140
13726
18309
4606
4597
4650
13686
4583
9143
9212
22901
13700
13778
4649
22921
18333
4653
22881
22865
22923
13783
22876
4590
22881
4620
22941
13760
4633
4647
4675
18409
4661
22934
9202
9245
22981
13858
23014
18361
13819
13839
9225
4642
4627
18430
18432
4660
23057
18478
9214
4654
4674
13875
23090
13911
13855
9242
23047
23104
4669
23062
4694
18480
4697
23095
23125
18532
9323
13948
23106
18536
9256
13928
18506
9321
9257
23229
18575
13975
23212
9298
4714
13940
18622
4702
9352
13961
23264
13976
9301
23254
18654
9331
23256
23324
23292
18619
9302
23299
13962
4720
23270
4657
4715
4661
9326
9376
18710
14055
14040
14011
4670
18720
18739
14088
9399
14051
18765
9392
23436
18748
4730
4699
23378
14104
23483
18791
23478
14131
9444
23493
9371
9399
23472
23493
18837
18812
9410
18836
23503
14090
14099
18865
9409
4732
14182
14172
14130
14128
18895
23542
23605
4722
9424
14197
9458
14159
9505
23566
23649
14234
14225
9482
23586
9454
18912
18952
23640
14186
18971
23635
9521
9511
14249
9496
9503
18975
23697
9479
9512
19006
4760
4795
9536
18999
18985
18988
23777
23702
9534
23800
14301
4831
9566
18991
23751
4787
4813
9553
9523
23814
23817
19076
19076
23812
19127
19130
4766
23812
23854
9605
4792
4786
4850
4831
23863
23890
4793
23925
14357
4784
4869
14363
9598
14377
9617
14367
14396
23927
23928
14377
23976
19183
4833
9660
14404
24019
19182
4807
14420
14472
23981
14464
19213
19213
23995
19209
24040
19230
19226
19239
24020
19264
4880
4859
4813
9640
4815
19317
14462
19330
4898
24083
14505
24138
14499
14518
9673
4834
4853
9653
9725
4906
9688
9744
24211
4849
14578
4871
4869
9736
9697
24250
4925
4881
9765
24255
9754
4939
4857
14558
4905
14585
9761
9741
14605
4937
24321
19494
24339
4945
24312
9745
19479
24364
14621
24317
9741
9788
4933
9737
24391
24326
24421
4921
19546
24426
9837
19543
19527
24379
4926
14661
24424
19537
24430
19550
4945
14733
4886
24445
14740
19565
9820
19558
9868
19619
14707
9836
19648
24552
19615
4950
19659
19591
9812
14731
14790
9805
24509
24594
24552
19686
14743
24624
9841
4977
9841
9850
19657
24633
19707
5004
4923
14825
9903
19673
9881
24647
19724
24707
14796
4989
14821
19750
4944
14787
14829
19775
19736
5017
14857
19752
19781
19837
24686
19791
19841
4999
14896
14849
14926
5024
4948
4964
24769
14892
14931
19810
4962
5039
14897
19835
24836
14877
19900
4964
19846
5031
5028
19939
19910
9989
14962
19957
14987
5048
14989
14977
19946
14964
9958
19964
24939
9970
14999
14955
24916
5079
9988
9967
5039
19941
10038
5025
10026
10068
5053
5001
5017
5033
20014
5070
19991
5013
25069
19997
25052
15069
15036
15027
20058
15045
20025
20087
20038
5046
5035
5067
10092
10066
15109
20148
20145
15111
25101
5044
15071
20119
10055
25194
15155
25207
20163
20193
5121
5112
5043
10147
25239
5083
25226
15196
25250
10131
15180
5098
25273
20204
25303
25241
20204
15164
10139
5085
10150
20269
10115
25347
5059
5072
25325
15165
20280
15209
10193
15237
5143
15229
10133
5089
25366
5129
20290
20295
10173
25364
15278
25405
5134
20376
10203
5172
25383
20383
10193
10212
15312
5094
10217
20350
25464
5138
10266
25518
5155
10252
5176
10256
10191
10229
20449
20437
15372
15291
25533
20415
20470
5172
15332
20409
25525
10281
10237
15383
15369
15368
20507
10226
10223
5198
10294
25587
15347
20480
15416
25607
5197
10263
10278
15427
20533
10303
15445
20581
15459
5131
15464
20534
5202
20530
20539
15495
15419
10322
10353
15501
20610
20593
15448
20665
15468
10349
15475
15490
20665
15469
20653
20613
15465
20665
20635
20712
5164
20637
25875
25802
15531
25855
25831
10420
20718
5222
15518
20748
5186
10360
5207
5240
15590
25866
20719
20791
5223
10404
20714
15578
10398
20772
25919
10413
20770
15560
10466
25946
10461
5191
15661
20811
26053
10385
20827
25986
5245
26017
5240
10469
5220
20845
10477
5271
10425
5275
10469
5217
26070
15649
15679
15692
20848
20869
10453
15694
26150
5267
26138
15750
26099
26159
26191
26143
20934
15701
10526
5288
15741
26226
5313
26159
20987
5249
20946
26260
20968
15796
10522
15720
26251
10573
20977
10508
26247
26319
26264
15832
10589
15759
21038
26321
5283
26324
5272
5298
10578
21103
10563
5338
15862
10522
21058
10613
10567
21148
21087
10621
5275
10602
10612
5361
21104
21113
10620
15918
15863
15840
5317
15836
21134
5357
10622
10585
21231
26473
21236
21165
15870
10620
10661
15933
21227
5320
15926
10654
26573
26553
10631
15966
15905
26562
26572
21239
21295
21248
26596
5307
10699
5336
21307
26598
5322
21313
21308
5389
10712
5325
5391
21323
21322
21341
5361
16021
10728
16035
16026
21342
26667
10669
26663
16083
5360
16082
21338
5370
10723
10753
16101
5341
26781
21429
5368
10742
21467
26776
26752
16053
21394
16109
21451
16120
26767
5373
21441
26817
26857
16122
10756
26844
21521
5373
16174
16145
21476
5460
26843
10799
21554
16191
21541
26871
21491
26867
26911
10754
16165
10830
5398
5449
5425
21527
21617
21595
16238
21600
5396
27013
26986
10870
5476
10795
10834
21595
16210
10814
21671
5399
10877
27028
16287
16216
16285
21632
5462
27082
27047
10827
10880
16234
16264
27075
27085
10891
5506
27147
10840
16328
16347
5475
27122
27133
16267
27178
5502
21752
21759
10950
27218
21774
27177
5440
5454
5512
10942
16332
10876
5444
16405
27252
10921
10956
21785
16331
10918
21805
16345
27317
16397
16355
27291
21812
11000
21872
21869
5468
16425
10966
16419
10948
21838
5545
21886
16479
21942
16439
16428
21870
5528
5530
16464
11009
16501
11000
11017
21990
27453
5504
27431
16470
16497
11003
16511
11004
10970
11004
5549
10974
21987
11000
5512
21994
27551
21998
27508
11040
27526
22015
11081
16565
5587
22099
16553
11017
27590
11085
16552
16540
22074
11062
22092
22049
11027
22067
27591
11113
22092
5560
5608
16585
22088
16576
22137
5580
16637
11054
11063
5623
5539
22208
27670
27744
16595
22168
27731
11084
16626
22161
22163
16683
5599
22178
22208
22210
27736
22204
16663
11133
16662
5582
27801
5601
5574
22243
11171
27782
27844
16737
27867
27881
11148
22299
27886
5655
11190
11182
16741
5619
11229
16707
16760
22347
16810
22315
22357
27895
16816
16739
11189
11205
27954
22323
27929
5644
5650
11200
5614
27979
5686
5620
16798
16816
16785
11267
11228
16817
22468
28044
28066
16843
16817
28012
5650
5698
16892
22424
22442
28121
16870
22488
16885
11225
16919
11320
22464
5626
28163
16859
16920
16930
28105
28152
16948
28133
22508
5709
22542
5665
5667
22553
22530
22598
22586
28232
5684
28256
28268
16951
28254
16945
22631
11286
22620
11333
17018
28232
17022
5648
22670
28263
17005
17000
22607
22645
16986
28305
11358
22654
28351
11388
22666
5666
11357
28375
11369
5726
28382
17017
11389
11403
17019
5749
17017
22736
17059
5750
28383
22798
22773
17113
28487
5751
5700
5756
17076
5730
28508
17100
28501
17095
22806
28504
17096
17106
28552
22859
11422
5704
28500
11421
5742
17164
28508
11428
28530
5729
17186
22853
11443
17165
11432
11465
22860
28569
28588
5720
11514
22953
5751
11493
22954
5774
11522
17218
28648
17207
11511
11511
17230
17271
17209
17273
17276
22995
5779
5735
28716
28704
5796
5740
5831
28797
11531
5790
11580
11525
28819
5796
11521
11520
23005
11543
5792
28775
28855
5838
28797
23116
23127
23097
28859
11548
5788
23075
28867
17353
23156
28927
5833
11623
28908
5806
23170
11605
17356
5862
5800
17338
5784
23175
17391
28959
5866
17356
23192
17430
23207
28949
28941
11599
17459
28976
29051
23176
11613
23211
23256
5874
17448
11647
5820
23204
17498
23234
23262
23292
23315
11627
17472
29068
23317
5859
23262
23303
29159
23278
17540
17506
5863
5892
5864
5918
11724
23305
5839
17526
5894
11691
29165
11660
5912
23368
17580
11679
17515
5848
23410
11714
29274
5864
17585
23406
5933
11750
23391
29239
23395
23472
11747
17566
17558
29269
17608
23447
29325
17624
29316
17612
17624
17593
11759
5930
17662
11750
5962
11737
11765
23558
23553
29342
29383
29423
17634
23553
11807
23514
29384
29390
17705
23585
11847
29481
5978
17716
23631
5902
23608
5921
29479
11782
17693
23567
29539
17738
5991
5964
11828
5922
23600
29499
23682
29553
17708
23662
17712
5942
17777
23684
23714
23668
11871
29637
5924
11829
6004
6011
11920
11886
11932
17815
17799
17776
23769
11924
11932
17786
29670
11872
29670
5985
23773
11912
17803
11907
17807
29689
11930
11940
23765
6037
5945
23817
11962
29803
17908
5949
5974
23802
6039
29761
17939
17865
11909
29763
17938
23889
17887
5964
17943
29850
17950
11963
17916
11990
11970
11995
5980
23931
17988
23879
18005
18000
6036
29942
11981
5977
23997
6023
6071
24011
29914
29938
23964
17967
23989
29964
11976
29995
29954
6066
30030
12009
30040
6063
12033
12033
30003
24055
18031
12044
6027
24057
30036
6042
30033
30090
12056
24101
18045
18071
18051
12081
12055
6090
24137
12080
18108
18115
18063
18140
6071
18070
12081
12057
18122
30204
24162
24136
6077
30192
12109
6091
24202
24200
30251
30174
24203
12101
6129
18143
18183
12150
18125
24238
6091
6106
30243
30264
30279
30289
24291
18169
12149
18191
30301
12156
6064
24295
12200
6077
12167
24296
30371
12180
6145
12181
24346
6152
12186
6085
6073
6090
6151
12175
24356
30415
24328
12212
6157
6119
24386
12178
6088
24418
18329
30459
12201
12194
12208
6160
24438
24409
30469
18355
18328
30501
6130
24438
24394
24436
30582
24444
6159
24469
24487
30614
6200
12267
12300
30635
30609
12316
12282
24499
6153
30654
18424
24518
12262
12308
24538
6196
6180
6139
18450
6192
24519
24541
12334
18460
24582
24601
18411
6201
30750
6151
24547
30755
6170
30707
6224
18458
30716
12361
6228
18508
12336
30761
12312
24657
12378
24685
6226
12329
18536
24681
18506
30799
12355
12388
30810
30873
12364
12380
18534
30919
24724
30926
18584
12375
6228
6269
12383
6181
18531
6180
24764
30950
6198
18544
24738
12367
18636
18643
30920
24744
12417
6272
6219
24830
12410
18656
6272
12431
18633
18654
18606
24880
18616
18657
12459
12401
12415
24829
6217
12487
24829
18674
24894
24893
24850
12472
12491
31120
12447
24952
24893
31144
31114
12460
6260
6262
24942
6302
12520
12498
12526
6312
6273
24978
6274
12489
24972
24953
25008
18750
24960
12544
25042
6292
12491
12507
31226
25007
6327
6305
31291
18757
25080
25077
31279
12572
25013
18812
6290
31272
18806
12597
6288
25036
31365
31368
31360
18841
6265
31348
12616
6268
12555
18861
12547
12613
25156
25182
31456
31372
6319
12644
12638
12608
25181
31411
6302
31482
25154
18870
18889
18908
12647
12581
6380
31530
12678
18889
12619
31523
31503
25256
25216
12644
6330
12656
6344
12642
18973
18954
6328
6325
25301
31628
31624
31582
6395
18966
25253
12647
6335
31652
25335
25347
25294
12651
6401
6343
12719
6381
25308
6412
6411
6404
25353
18996
12675
31701
31706
6358
6394
12767
31748
31712
6388
19053
6346
19072
6374
31803
19070
12746
25478
6365
19050
19126
6419
12761
31836
6436
31780
25435
25488
12782
25515
6363
6458
25490
6444
31852
31917
31884
12810
25506
31855
12832
31951
12804
25557
6405
25538
6437
31917
25584
25588
31996
31961
6386
25602
31965
6471
6455
6426
12807
31963
19224
25633
32026
32012
19259
25679
12793
12834
12800
12884
12885
19214
32070
12898
6456
19230
12886
6494
25636
25690
25656
32109
25658
32160
32126
32093
19276
6514
6456
12915
19289
25743
32172
25753
19306
25769
12929
19361
25780
6503
25815
32163
32186
32229
32177
19368
12917
12931
25765
6451
32299
32216
32288
12960
6445
6481
6528
32290
12904
6479
6544
12975
12966
19375
12960
32288
32300
6556
12978
19464
19387
6499
25855
6474
13011
25878
19459
32418
12957
19453
25913
19505
32450
25953
25899
32397
32446
12999
32473
25994
32438
13016
13057
12991
32459
32489
25980
32466
32528
19491
26059
25999
32496
6516
32529
13005
32516
13063
6504
6578
19514
13089
13076
32577
6570
6523
26105
19556
19577
26075
26048
6543
32580
26146
32611
13114
26084
13069
26148
32668
6575
6598
26095
32700
6553
26168
19607
6617
13067
6595
6600
32683
26137
32698
26153
32679
32745
6577
32749
13080
19677
32790
19680
32725
6551
26203
26276
19694
26204
13106
26284
13148
32845
6599
19714
26272
26231
13182
13156
26293
13204
19691
19722
6617
32858
19783
32834
6615
6648
32883
13168
6631
19741
26391
32942
19781
26305
13217
32945
26397
13234
13172
32933
26340
26429
32989
6640
26447
32979
26419
26426
6674
33046
6633
6627
33010
33065
26396
13216
6677
19849
19875
26439
26511
13261
6654
26487
13281
13270
26523
13302
19903
19852
26473
26458
13295
19893
26485
33171
26517
13289
6667
6655
13336
6717
6686
33172
19976
33226
13351
33153
26551
6694
26585
13329
19964
13359
6686
19988
20004
6711
6660
20006
19999
33315
13361
20023
20016
13351
6690
6701
19993
33267
33321
13322
13357
33313
33306
13410
13330
33323
26646
26687
13401
13388
33366
33393
33361
6692
13406
20016
13354
26691
33395
33377
33459
13375
13393
33473
26762
6769
33426
33443
26742
13402
33512
13405
13448
33521
13393
20140
33465
26798
6729
33536
33532
13425
33532
13424
13437
13409
26825
33517
6786
13459
26864
13476
33596
6763
6762
6770
20166
33621
33656
6757
6728
26866
13513
6784
33635
33668
6812
6821
6788
13538
33675
26973
26960
20205
33675
20191
20279
26968
6808
33747
33773
27014
13508
6749
20220
26963
20315
20252
6788
27013
6784
20289
13558
20275
13524
33787
27069
13574
13556
33834
27026
27063
33833
6845
33890
6773
33806
27122
20296
20353
13578
33897
20302
20365
20329
27131
33915
6795
27179
6816
27139
33911
33983
27187
33922
33994
27190
13584
6802
6799
6821
34024
27154
33998
34029
20376
20440
20426
27192
20472
34064
27255
20396
34064
20483
13678
27285
6844
34049
20438
20431
6828
13636
34048
20482
20512
34069
20448
6906
34108
20467
27342
34134
27342
27366
27363
34167
27350
27391
27318
34223
6870
13726
27327
6892
20538
20591
13686
34200
20588
34250
13740
6845
6865
20568
13764
20568
20618
27461
20587
13739
6914
34278
27482
6885
13724
27442
13801
34302
34314
34351
13780
6952
13792
6902
34388
13810
20675
34348
34367
13785
20641
27552
13797
6910
34419
13775
34384
27545
13820
13816
13798
20655
6912
13760
6908
13857
20680
20722
27570
20668
13859
27577
13855
20690
34532
27605
13823
27670
27624
27614
27638
6962
34506
20712
20763
34551
27618
34541
27658
34539
34570
13822
6963
27696
6919
20801
6931
27727
34603
34647
27741
34627
6996
27715
13936
6960
6927
20824
13910
20834
34651
13950
34736
20826
6990
20857
13945
13868
34732
27777
34685
34699
20878
13906
27765
6990
34728
27834
27815
34797
20839
27849
13956
34776
13956
34795
6960
7009
27852
6978
20873
7044
27891
7023
7036
20980
20969
27937
20968
13967
34916
34858
13962
20994
14003
34945
27952
27925
20957
34929
20945
13990
34957
34910
21008
13994
6988
20962
27990
14003
34950
34969
14038
34995
35012
7025
14031
27987
7034
7074
35036
35015
14091
14089
7070
28025
28014
14015
7060
35028
7092
14076
7039
7071
21045
7072
14058
7062
14093
21135
28090
7098
7067
14063
35181
14104
14123
28141
21083
28113
7062
28204
7106
7040
7081
35253
14118
35214
21111
21150
35232
21112
21158
21174
7047
35206
14157
14161
28218
21173
28205
7102
28255
7110
35317
35340
7111
14198
28226
7059
28243
7122
14142
35333
7114
28302
35376
14180
28297
14187
14172
35350
28345
35363
35384
35414
14168
14194
28319
7157
21253
28311
35400
14198
7134
28405
28396
35469
7125
35482
28347
28392
21340
35539
35468
21328
7133
7096
35471
35488
35527
14275
35510
28476
21389
35600
35540
14242
14217
21368
14306
28487
35607
7204
7128
28469
35602
28457
28549
35595
7140
35607
7175
28540
7153
21437
35674
28541
14295
28521
28571
7209
14294
7135
28535
35710
35684
35691
35726
35685
21447
35698
7206
21449
28563
28586
21509
35759
21446
21475
21475
21461
7201
7153
28624
14311
7245
28638
21536
21534
14345
7200
21503
35816
21507
7227
28691
7166
7211
28711
28751
21550
7210
35920
21586
28759
28703
35900
21615
21603
14364
28756
28754
35938
14385
14430
14366
35987
28746
7209
21559
7206
28758
35994
36046
14417
36040
28821
21655
7231
28864
28849
21643
14471
14496
7239
28906
36033
21650
36065
21702
14475
14440
28874
28842
28873
21722
21673
21682
28959
28947
14523
14487
14484
7245
14509
36142
14527
7237
36213
36153
14474
29007
29014
7244
7284
7261
36215
14533
14503
14527
7327
21756
29030
14572
14554
21785
14550
7279
29047
14530
36320
7316
7345
29079
29059
29106
36341
14555
29089
36368
7326
21835
29103
36313
14577
29055
14533
29073
29069
14590
7314
29073
21898
36356
21863
36366
29152
14556
7363
7290
14637
7323
36470
21906
7348
7375
36509
36506
14576
14577
14627
14601
36474
36456
36496
7296
7365
7297
21891
14679
29248
14603
29233
14659
21998
14664
14676
36525
36587
36620
36625
29254
21976
36611
29307
14654
7388
7361
14697
14729
36620
7334
36637
22044
7372
29313
29347
7413
22017
14678
36703
7348
29321
22081
22022
7394
7340
22045
36742
14751
7425
36789
29364
36705
7423
22061
7436
36781
29424
7392
22063
36830
7442
14743
29497
14787
22130
36806
22138
36822
22076
22124
22142
7400
29533
14768
29549
14823
36905
7408
22125
29541
7468
36930
7401
29546
7421
22188
29561
29519
14798
36937
14819
14832
29583
14861
14780
37006
37000
7395
22170
7470
14831
22171
22189
29594
29584
22227
37045
29676
29609
22286
14869
37064
14808
14828
29705
14836
7469
22222
14826
7498
7410
7466
7447
7417
29713
14869
29719
14841
7515
37149
7443
29762
37134
14896
22358
29701
22295
14877
7449
7464
7509
29803
22385
29734
14932
14942
37264
37193
7533
29800
37234
14922
22407
7469
22375
14981
7525
37317
37274
14912
37271
37308
37289
29870
22382
14935
37282
29879
37297
14980
29915
37361
7526
37360
7483
37401
22488
37355
37390
14992
37407
22459
37443
15017
7493
15014
7519
15051
37429
7573
29926
22462
7573
37431
37417
30030
7561
37432
22497
22468
7523
7583
15000
30019
15014
7573
22521
15026
22538
30011
30074
37556
22531
37514
22563
37554
30099
30055
22551
7540
37577
30120
37633
15116
30137
30074
22585
30162
7599
22555
22655
22589
37691
37703
37678
30135
15123
30113
15125
30164
7566
37699
7628
30186
22609
15132
37755
30173
37771
22638
15132
15127
22695
30170
30174
7587
37763
37797
30202
22691
15179
37846
37818
30265
15122
7648
37867
22678
7612
15141
15128
30315
22707
22744
7567
30314
7639
30292
22764
7578
15151
30284
7590
22772
15192
37942
30387
37918
15190
37925
7614
30381
37970
15179
22799
15234
37945
7664
37966
30448
15255
38015
15264
22870
22797
7634
30412
7601
30426
30437
22843
38079
38086
15278
15281
22829
22896
15266
38128
30523
7625
7651
7679
30461
38141
30487
22874
22931
15280
7692
38149
30562
22957
22882
22941
15298
22954
7663
38207
38231
30584
22905
7656
30618
38230
7725
22928
15310
38241
30610
38221
15350
15343
15338
7669
30598
38230
38297
38254
23031
23040
15364
23041
30612
22970
22977
38287
15343
7676
7702
23040
15385
30725
15411
30696
30700
23083
30725
30682
15414
30678
38398
15385
15432
30702
38460
7747
7736
15447
38489
23126
7686
15372
7759
30743
30777
15449
30792
38517
15454
38541
15383
23166
15408
23122
7755
23182
38574
38507
38529
38543
15447
30899
30842
15456
7716
7749
15431
7728
23174
30870
38602
30906
7727
7804
38666
7761
30895
23157
23207
15455
38681
23186
15451
7725
7736
7796
23263
38666
30956
38734
30951
7808
38663
7800
15546
7742
7790
7739
15535
30991
31021
7807
31067
7748
7786
7833
7796
38805
15551
23290
38766
31101
38839
15564
15606
38850
31051
15546
23335
38833
23325
15586
15616
23292
7818
31155
15626
23320
15618
7836
15617
38883
23332
23403
31161
15588
23394
38981
38911
23347
7828
23438
38984
31188
7848
31152
7858
7840
15590
31198
31196
39019
7891
39033
31205
7870
15652
31199
31234
23441
31210
7877
23498
7866
7888
7833
15637
31259
15630
31301
23467
7851
23529
7830
39085
7889
15707
31314
39161
15662
39169
31351
39121
15651
15708
7900
39225
7922
23514
31406
15695
31413
7834
23513
39242
7889
31433
7925
39192
31360
39263
15773
15765
15773
39246
39238
31458
23627
15699
23617
7937
7878
31449
31437
31449
7858
7886
31436
7957
23592
15741
39370
7896
23602
39393
39340
39366
31533
39342
23617
23680
7898
15786
31515
31580
7903
39409
31543
39430
15830
39485
31569
15829
39464
31560
39506
7891
31603
23724
7927
15875
23706
15827
23692
31627
15811
39569
7962
31643
23706
7942
23784
39566
7922
31642
31678
39555
15901
39575
15908
7959
23798
39575
39645
8010
39604
39644
39639
31745
23762
39655
23852
23855
39618
23827
15913
15900
15924
23850
31815
15895
7979
8013
39711
15901
23855
15917
23855
15912
23859
23850
15913
31855
15934
7974
39762
15918
31844
23903
31804
15939
31851
39827
7988
39807
7979
23933
8051
23911
15986
8028
39810
8019
23986
39863
16024
23923
23941
8043
31955
8066
39873
31934
31953
39963
39927
7998
31932
8024
39964
31974
8042
23997
23975
8081
40022
24001
39983
31985
8026
32040
16055
15994
8009
40005
8016
24083
16062
31999
8057
24044
24016
32046
8093
24079
8040
32076
16074
40070
16022
16118
40110
24082
8092
24051
8053
16131
16084
16101
32151
24127
16111
8111
40206
32152
16067
24115
32138
24147
24147
40153
16086
24126
24139
16108
32225
16100
8094
16079
40199
8084
40290
40289
40269
8125
16169
24199
40262
24220
16113
24157
16159
40286
32233
40297
16191
32247
16158
32313
8149
32255
32255
40396
40324
8124
40335
24233
8147
16148
24289
32310
24278
24221
24248
40400
40428
24283
32337
24243
40481
40479
8145
40435
40510
16186
8154
40434
8136
8163
8171
32396
8105
8164
16198
8178
24316
40492
24311
16199
32495
8152
16215
8173
24386
16210
16256
8149
32519
24339
8152
16319
40618
32460
40588
40594
16270
32467
32514
16318
24408
8147
40672
32508
40679
32504
40631
40699
16314
24397
24406
16333
24413
16297
32537
32551
8158
24482
40781
24477
8197
40756
32652
24461
32622
24458
40787
16353
8239
24532
16326
24524
16398
24500
16391
8253
40830
40822
8239
32698
8176
32680
16327
24515
16392
8252
40885
24593
8199
32687
40934
40932
32774
8198
40947
40932
40968
40904
16359
24576
8182
40934
8227
32770
16407
32778
16440
32838
16425
40986
32841
24620
16451
8214
8217
24679
40991
16395
24626
32795
8287
8261
41092
24651
32889
24631
32911
24700
16500
41099
16443
8231
16495
41109
41143
24738
16522
16516
16442
8290
41159
16481
8226
16487
24709
8260
41200
16515
8321
8236
16490
16531
32949
32932
8331
8277
24762
16555
8269
32996
33031
16513
41249
24731
41269
8334
33034
8248
24750
33079
33029
8301
24811
16602
8335
41293
8350
33034
24778
33086
41373
16608
41311
41399
24812
16611
33145
41350
41354
24820
41415
24856
41409
8371
16583
33144
8321
24897
33160
8344
24933
33136
33157
16663
